LV4	LV319	LV4A	LV4115	LV472	LV2145	LV5145	LV519															
BESM1	2	179	181	148	155	193	199	170	176	135	141	161	171	161	161	111	113					
BESM2	2	147	179	153	153	209	211	164	170	137	141	159	167	167	171	109	113					
BESM3	2	173	179	155	160	175	193	120	176	129	139	161	167	141	141	111	113					
BESM4	2	175	175	153	155	217	217	172	176	117	129	153	178	139	163	109	111					
BESM5	2	167	179	155	157	199	205	172	174	127	143	163	178	139	139	109	111					
BESM6	2	177	177	155	165	211	217	176	176	127	139	178	180	139	139	109	111					
BESM7	2	172	173	156	156	205	213	172	172	117	129	163	180	169	198	109	111					
BESM8	2	173	179	153	155	157	205	168	172	131	135	163	180	139	139	109	111					
BESM9	2	169	169	155	159	205	211	134	178	137	141	161	180	139	179	111	113					
BESM10	2	167	173	145	161	199	201	120	120	131	137	180	182	165	165	111	113					
BESM11	2	173	173	146	155	157	227	166	170	139	143	161	163	139	188	111	113					
BESM12	2	173	181	149	155	205	205	156	178	117	135	153	180	165	179	111	111					
BESM13	2	173	181	149	151	193	213	178	178	129	133	163	167	141	141	109	111					
BESM14	2	179	179	149	149	199	215	172	172	117	135	153	180	173	180	111	111					
BESM15	2	167	179	153	155	205	211	176	178	129	137	153	180	139	139	111	141					
BESF1	2	173	175	151	153	211	213	176	176	131	135	163	180	161	161	111	139						
BESF2	2	173	179	159	159	157	199	172	176	127	135	180	180	139	161	111	118						
BESF3	2	173	179	153	153	175	205	170	178	129	135	153	182	139	141	111	111						
BESF4	2	171	179	155	158	201	211	156	158	125	127	153	171	139	139	111	139						
BESF5	2	173	179	149	155	199	205	156	156	135	139	157	157	163	163	109	113						
BESF6	2	171	171	160	162	205	211	174	176	117	133	176	180	139	141	111	113						
BESF7	2	175	181	153	155	199	213	176	178	135	135	161	163	139	169	111	139						
BESF8	2	179	183	153	155	201	205	172	174	127	137	157	163	184	184	111	137						
BESF9	2	167	173	149	151	193	205	156	166	127	135	182	184	141	141	111	113						
BESF10	2	171	179	148	156	173	213	172	176	127	137	153	153	139	139	111	139						
BESF11	2	175	179	147	155	201	217	172	178	129	141	157	178	139	139	109	111						
BESF12	2	177	179	155	155	177	199	178	178	117	139	153	161	139	139	111	116						
BESF13	2	169	179	153	154	201	211	156	176	129	141	161	163	139	139	107	111						
BESF14	2	167	171	155	157	203	215	134	176	141	143	157	176	139	139	113	139						
BESF15	2	179	181	143	160	223	223	176	176	131	139	163	180	141	161	113	113						
BONM1	3	173	179	153	158	211	217	176	178	135	139	161	163	139	139	109	111						
BONM2	3	175	181	151	157	205	211	172	178	117	117	157	174	139	175	107	137						
BONM3	3	147	147	155	159	156	225	178	178	139	141	153	169	139	167	107	111						
BONM4	3	175	181	144	157	199	229	176	178	117	141	174	180	153	184	107	113						
BONM5	3	173	173	156	161	211	217	172	178	117	147	163	182	139	139	111	111						
BONM6	3	173	181	155	157	175	225	178	182	135	147	163	178	167	167	107	109						
BONM7	3	175	179	155	155	199	221	172	178	117	135	161	182	139	145	111	113						
BONF1	3	177	179	153	156	207	207	176	180	135	139	163	171	173	173	111	118						
BONF2	3	173	181	156	157	201	205	174	178	117	143	163	174	165	167	111	113						
BONF3	3	179	179	151	153	199	205	176	176	137	141	174	184	139	173	111	111						
BONF4	3	169	169	152	153	157	199	134	156	139	139	153	176	139	167	111	111						
BONF5	3	171	173	155	156	205	213	174	176	117	145	157	174	165	173	109	113						
BONF6	3	176	176	147	155	175	223	170	182	135	135	163	174	169	169	107	109						
BONF7	3	177	181	151	151	205	207	178	178	135	137	161	176	165	188	111	118						
BONF8	3	177	177	151	153	177	207	176	178	137	139	165	176	173	173	107	109						
BONF9	3	147	179	152	158	191	201	156	176	129	137	157	171	169	186	111	111						
BONF10	3	173	175	153	157	157	187	174	174	135	137	163	176	139	139	111	113						
BONF11	3	166	179	153	155	173	203	166	176	139	143	161	167	163	177	111	118												
BONF12	3	147	177	146	160	177	199	170	178	131	137	157	165	159	173	121	133												
BONF13	3	174	180	149	155	177	179	174	176	129	141	161	174	139	177	111	113												
BONF14	3	179	180	153	155	157	205	134	172	137	139	161	176	173	173	111	137												
BONF15	3	177	177	151	155	203	219	156	180	129	137	174	186	139	163	111	111												
CARM1	4	173	173	152	153	201	223	170	180	127	135	161	178	167	167	111	111												
CARM2	4	179	183	153	155	199	199	170	178	137	139	180	182	139	178	111	139												
CARM3	4	174	174	151	151	165	165	174	174	129	135	176	178	141	163	109	109												
CARM4	4	177	177	146	156	165	169	172	172	133	141	161	167	161	161	109	109												
CARM5	4	186	186	151	154	199	201	174	174	129	133	174	174	139	159	109	109												
CARM6	4	177	177	151	164	165	201	134	156	129	129	174	174	161	161	109	109												
CARM7	4	167	167	146	158	165	205	172	176	129	141	174	174	161	161	109	109												
CARM8	4	177	186	149	149	201	213	156	174	131	131	161	174	141	141	109	109												
CARM9	4	180	186	146	150	173	211	134	174	115	129	167	176	161	171	109	109												
CARM10	4	172	186	154	158	165	175	156	172	129	129	167	176	139	139	109	109												
CARM11	4	174	186	150	151	165	165	172	172	129	133	165	174	139	161	109	109												
CARF1	4	167	174	151	154	165	173	174	174	133	135	176	176	141	161	109	109						
CARF2	4	177	184	151	156	165	165	134	174	135	135	169	174	139	171	109	109						
CARF3	4	167	173	153	155	165	173	156	174	133	135	176	176	141	161	109	109						
CARF4	4	177	177	150	150	165	201	134	174	129	131	174	174	161	171	109	131						
CARF5	4	177	177	149	158	165	213	156	174	131	139	167	167	161	161	109	109						
CARF6	4	177	180	150	150	165	199	134	156	133	135	167	174	139	171	109	135						
CARF7	4	177	177	151	151	165	211	172	172	133	135	161	176	139	139	109	109						
CARF8	4	186	186	149	151	165	201	156	156	131	147	167	176	161	161	109	109						
LAJM1	7	165	179	151	153	173	209	174	176	127	129	167	182	139	139	109	133						
LAJM2	7	165	177	159	161	156	156	174	176	125	145	163	176	175	178	109	111						
LAJM3	7	147	181	157	157	156	201	174	178	135	139	151	169	139	169	129	135						
LAJM4	7	147	179	152	155	156	199	178	178	125	135	178	180	139	139	109	111						
LAJM5	7	179	179	153	157	193	215	172	174	117	143	159	178	139	163	109	109						
LAJM6	7	175	177	153	155	213	227	176	176	135	137	157	167	139	143	109	111						
LAJM7	7	167	185	149	151	217	227	174	176	117	137	157	176	139	139	109	111						
LAJM8	7	147	147	153	157	199	213	172	174	137	139	153	176	139	180	109	111						
LAJM9	7	177	177	149	155	205	205	156	174	135	141	174	176	139	175	109	118												
LAJM10	7	177	179	151	153	199	217	176	178	135	135	169	178	175	175	107	111												
LAJM11	7	173	177	150	155	156	199	174	176	141	141	151	165	139	139	109	111												
LAJM12	7	173	177	151	155	207	215	176	178	135	145	163	171	171	171	111	137												
LAJM13	7	147	175	149	161	175	197	170	174	117	135	151	153	141	141	111	111												
LAJM14	7	173	175	149	157	175	179	172	172	137	139	157	176	147	167	107	111												
LAJM15	7	175	179	157	163	211	213	168	174	117	117	153	169	139	139	107	118												
LAJF1	7	173	175	153	155	197	207	172	176	131	135	171	182	175	177	111	111												
LAJF2	7	177	177	153	154	199	201	172	180	135	139	151	182	139	165	111	111												
LAJF3	7	173	175	151	153	199	213	168	172	117	139	153	176	139	184	109	139												
LAJF4	7	165	173	151	163	193	213	120	176	127	133	176	182	139	175	111	111												
LAJF5	7	167	183	161	165	169	217	174	178	117	117	169	178	139	139	111	111												
LAJF6	7	173	175	149	155	193	199	164	178	117	125	153	161	167	184	111	111												
LAJF7	7	177	181	151	155	199	213	172	176	117	143	176	178	175	175	111	137												
LAJF8	7	173	175	154	154	209	209	176	176	135	141	167	180	177	177	111	111												
LAJF9	7	169	175	149	149	209	219	156	176	135	143	161	182	139	171	113	113												
LAJF10	7	171	175	155	155	169	199	176	178	117	117	153	163	139	184	111	131												
LAJF11	7	147	163	147	151	156	201	164	172	127	139	163	176	139	139	113	137												
LAJF12	7	175	175	155	157	169	201	168	174	135	135	161	180	139	139	111	118												
LAJF13	7	177	181	143	151	155	203	172	180	133	135	163	182	139	139	111	125												
LAJF14	7	173	183	149	153	157	181	156	174	135	143	171	176	139	139	111	111												
LAJF15	7	165	177	147	153	157	223	172	176	135	143	157	161	184	184	113	137												
LOUM1	8	177	177	155	157	205	221	172	178	127	135	153	167	139	139	109	109												
LOUM2	8	171	173	147	159	207	223	178	178	135	141	153	180	139	165	111	137												
LOUM3	8	177	179	153	155	173	219	174	178	137	145	161	161	139	165	107	113												
LOUM4	8	173	175	153	153	213	213	156	180	131	135	153	167	188	188	109	111												
LOUM5	8	179	179	153	155	207	207	170	174	125	127	153	167	139	182	107	111												
LOUF1	8	171	175	155	155	203	217	172	178	135	137	173	180	169	169	111	111												
LOUF2	8	173	175	143	145	193	213	174	178	117	129	171	173	139	182	111	141												
LOUF3	8	175	183	151	155	207	223	172	176	139	143	161	167	139	139	111	116												
LOUF4	8	173	175	155	160	203	227	174	178	129	131	167	182	161	161	109	133												
LOUF5	8	147	179	149	157	205	219	174	176	139	141	153	176	171	171	111	118												
LOUF6	8	147	171	149	153	203	209	176	180	135	137	161	167	169	169	111	111						
LOUF7	8	171	177	155	157	205	207	174	178	127	139	153	180	139	139	111	111						
LOUF8	8	169	179	154	155	195	205	134	178	137	139	161	176	167	182	109	111						
LOUF9	8	179	179	149	153	209	211	168	172	127	137	153	167	139	139	118	141						
LOUF10	8	173	177	145	163	213	217	174	176	117	139	157	173	139	165	111	111						
LOUF11	8	171	173	151	153	199	205	172	186	137	139	167	173	163	163	135	141						
LOUF12	8	173	179	149	157	177	207	172	174	127	137	153	167	139	139	111	111						
LOUF13	8	147	147	147	153	207	211	134	178	129	129	178	180	139	179	109	111						
LOUF14	8	147	169	147	151	157	203	156	174	137	141	163	167	173	191	113	139						
LOUF15	8	173	181	153	157	203	205	168	174	129	133	153	173	165	182	111	113						
ROBM1	10	177	181	155	157	205	211	176	176	135	135	163	176	143	178	111	111						
ROBM2	10	179	185	147	155	203	205	174	176	135	139	167	178	139	139	109	111						
ROBM3	10	177	195	149	161	203	211	172	178	117	141	163	174	139	171	111	111						
ROBM4	10	179	187	157	159	199	205	156	180	117	127	157	163	143	169	111	111						
ROBM5	10	177	187	147	147	211	211	172	172	135	135	178	182	143	182	111	111						
ROBM6	10	167	183	149	155	205	205	172	176	141	141	153	169	139	139	111	111						
ROBM7	10	175	177	149	153	205	211	168	178	127	125	161	180	139	157	111	111												
ROBM8	10	173	177	153	155	203	213	156	176	135	137	165	174	171	171	111	111												
ROBM9	10	179	179	153	155	193	203	172	180	127	139	163	163	139	184	107	111												
ROBM10	10	172	177	159	159	193	199	156	176	125	139	157	163	139	171	111	111												
ROBM11	10	181	183	150	157	199	205	176	182	135	139	157	163	157	173	111	111												
ROBM12	10	177	177	153	153	205	205	176	176	137	141	153	176	143	171	111	111												
ROBM13	10	171	171	155	161	203	211	172	176	135	139	157	180	139	143	111	111												
ROBM14	10	165	173	157	161	209	223	176	176	125	139	163	167	171	171	111	111												
ROBM15	10	173	177	147	164	195	211	176	176	145	147	174	174	143	171	111	111												
ROBF1	10	177	179	155	157	205	209	172	176	117	139	163	165	139	177	111	111												
ROBF2	10	177	179	153	157	205	205	156	174	139	145	157	163	139	177	107	111												
ROBF3	10	179	179	157	157	199	211	166	180	117	141	163	173	139	139	111	111												
ROBF4	10	179	179	143	155	193	205	174	182	125	135	163	180	182	186	111	111												
ROBF5	10	177	179	157	159	195	207	174	176	127	135	163	171	139	143	109	111												
ROBF6	10	177	177	147	147	195	205	176	182	145	145	163	173	143	177	111	111												
ROBF7	10	175	179	153	153	199	205	176	176	117	125	163	173	171	177	111	111												
ROBF8	10	177	179	153	157	157	199	176	176	125	129	163	173	171	177	111	111												
ROBF9	10	177	179	143	153	195	195	156	182	125	143	171	173	139	139	109	129												
ROBF10	10	179	185	147	150	211	211	168	178	125	131	163	169	139	143	111	127												
ROBF11	10	173	177	150	157	203	211	156	174	127	141	163	169	139	171	111	111												
ROBF12	10	175	179	153	157	195	211	174	182	139	143	167	173	141	157	111	129												
ROBF13	10	172	181	147	153	203	205	172	176	143	145	163	167	139	177	111	111												
ROBF14	10	173	185	157	159	205	211	172	176	139	141	157	167	143	169	111	111												
ROBF15	10	173	185	153	161	199	205	172	176	141	141	157	163	171	173	109	111												
TIOM1	11	175	185	155	155	199	209	172	178	135	137	171	186	165	167	107	137												
TIOM2	11	173	173	155	157	156	156	176	176	141	147	157	176	139	139	111	137												
TIOM3	11	147	175	157	157	156	215	172	180	137	143	161	163	145	167	111	118												
TIOM4	11	175	177	152	155	157	205	172	174	141	145	157	161	-9	-9	109	111												
TIOM5	11	173	177	155	155	156	201	166	176	117	137	178	182	139	139	111	143												
TIOM6	11	171	173	151	156	156	207	156	176	143	143	174	182	178	178	109	111												
TIOF1	11	171	173	150	161	175	175	172	174	117	137	163	176	139	173	113	118												
TIOF2	11	147	171	151	151	205	207	174	178	133	145	161	180	139	171	111	113												
TIOF3	11	147	177	155	162	157	157	172	174	147	147	167	171	175	184	111	137												
TIOF4	11	165	175	155	155	199	219	176	178	139	139	163	184	165	188	107	111												
TIOF5	11	171	173	155	155	157	211	134	134	139	141	159	178	139	177	107	111												
TIOF6	11	147	177	151	153	157	203	168	172	117	145	174	176	139	163	111	113												
TIOF7	11	176	187	151	151	157	207	154	176	139	145	176	182	139	177	113	139												
TIOF8	11	147	181	151	153	199	213	154	178	139	143	153	167	139	163	111	113												
TIOF9	11	173	177	146	155	157	205	178	180	135	135	151	180	161	167	109	109												
TIOF10	11	175	177	157	160	201	227	176	176	117	135	163	171	139	173	107	111												
TIOF11	11	175	177	153	157	185	213	172	176	139	139	163	167	141	165	107	111												
TIOF12	11	171	177	156	156	157	185	172	176	117	147	176	178	139	139	113	141												
TIOF13	11	181	183	155	155	207	213	172	178	133	143	176	182	163	173	107	111												
TIOF14	11	175	177	155	155	157	205	134	176	127	139	161	163	165	165	107	111												
TIOF15	11	173	179	151	164	157	205	176	178	135	137	161	163	175	175	107	111												
USAM1	12	147	177	147	157	181	205	178	178	135	141	161	163	139	149	111	111												
USAM2	12	171	173	143	150	199	199	168	178	137	139	182	182	169	184	118	127												
USAM3	12	175	177	152	157	199	211	134	166	117	145	176	182	151	151	109	111												
USAM4	12	147	185	155	159	181	207	134	172	147	147	163	167	139	169	111	111												
USAM5	12	177	177	157	158	157	157	174	176	135	139	153	161	182	192	109	127												
USAM6	12	155	155	145	149	175	217	170	172	135	145	160	160	167	192	111	111												
USAM7	12	175	181	145	161	181	203	134	176	125	143	171	180	153	184	111	111												
USAM8	12	147	176	156	156	157	181	176	176	135	139	157	180	175	175	111	111												
USAM9	12	173	179	155	157	157	211	176	180	135	139	174	178	139	175	111	111												
USAM10	12	175	177	157	159	211	211	172	176	141	145	163	178	141	171	111	118												
USAM11	12	147	177	155	157	157	199	176	178	141	147	161	176	163	167	111	111												
USAM12	12	171	179	154	154	199	201	172	178	143	145	159	171	139	184	111	139												
USAM13	12	179	183	162	165	157	165	170	172	137	139	163	178	139	139	109	127												
USAM14	12	177	179	143	143	157	157	156	180	137	157	167	176	163	184	111	111												
USAM15	12	147	183	157	163	199	205	176	176	137	143	178	180	139	159	109	111												
USAF1	12	147	177	147	159	157	205	134	168	139	147	157	176	139	171	109	111												
USAF2	12	173	179	149	157	193	203	168	174	133	139	178	186	165	169	118	137												
USAF3	12	177	177	150	155	157	211	134	170	117	129	178	180	184	184	111	111												
USAF4	12	-9	-9	150	159	157	175	172	176	135	139	157	157	175	179	109	111												
USAF5	12	175	179	151	155	157	207	134	156	139	145	167	186	169	169	111	111												
USAF6	12	173	183	149	152	197	213	134	176	139	147	182	186	171	175	107	127												
USAF7	12	177	177	150	156	205	205	174	176	117	139	163	182	169	169	109	111												
USAF8	12	173	179	155	161	157	179	172	172	117	135	167	174	163	169	111	118												
USAF9	12	147	171	155	157	193	199	176	178	135	143	161	176	149	173	109	111												
USAF10	12	175	178	157	157	175	207	176	178	135	137	178	180	139	175	111	113												
USAF11	12	175	179	150	150	199	207	172	174	117	129	180	182	139	139	111	127												
USAF12	12	173	175	153	157	177	211	156	176	129	135	163	171	139	171	111	137												
USAF13	12	171	183	157	159	179	203	120	180	139	143	157	182	177	192	111	111												
USAF14	12	147	175	155	157	157	175	176	180	139	139	174	176	139	173	111	113												
USAF15	12	173	183	153	153	157	157	172	172	117	139	176	178	-9	-9	111	137												
